1933129008745443
963817285101153
3948587773178117
3839366538373039
1294997650808263
4172970636700679
3464663838373464
809761834082204
1768087551621011
3285181482653728
3436306433343561
3132623163663038
4250131200159778
3335653462666263
3530636436343864
3525391066405984
3748509125035013
2655740467711253
1151568247478260
3481945025838775
661218750405385
4243112575398034
3263619427361014
686939023897304
1271005236548709
3108720347619451
3639386662313961
6161656462646265
3661633566343032
1654225487272915
1879947675166350
3564363432343130
566029670513623
1021024501203006
932500471317170
4054951751677997
1846584079626875
3734999544394438
384066981111604
3412714890697576
3536376164326138
3839356338386262
2567275355897612
3360533539612140
3499485438243258
6431343634323438
2123815962748607
2156569690317048
3771249161417396
147286164856301
4161320389282898
2152107281452867
1411606654949609
1723866819856844
3853982691197136
3013728162089616
2577134208136171
4344700027247955
6139616536366335
1276972585966003
3396740776024078
2752547208864560
3536376164326138
3839356338386262
6331303966333733
2567275355897612
3360533539612140
1318372408490131
3499485438243258
318130840575433
3726709500617493
6630336165393432
6431343634323438
2123815962748607
1977100219722283
4425410687376466
1927715988038709
3822128623717010
2156569690317048
2966228486208118
1927715988038709
1977100219722283
1318372408490131
6630336165393432
3726709500617493
3822128623717010
2441217419572261
2966228486208118
513668097197570
2738185644089455
265697089089265
419040938234971
2648700535193634
3264764213108394
2781278522590060
2483148721786423
3014294856982772
2512309556134823
3961363966353238
473019602879745
1707803398079162
17195215503415
2066099929489069
860227547813706
4464678544313293
6163303364663037
2933152385215316
6230626532353862
4293346857485701
4015034342007082
2301368050543100
3750717696214531
3809392607219713
1540266823884857
3589950862914505
1597022173918150
903608119644084
1846697870698613
4385031247484388
6465666539373364